05:0.01,-3,3,3
05:1.01,-2,2,-2
05:1.01,-3,-2,-2
05:2.01,-3,1,2
05:0.01,2,-3,-1
05:0.01,-2,0,-3
05:2.01,0,-3,3
03:1.01,-3
05:2.01,3,-1,3
05:0.01,3,-1,2
10:0.01,-2,2,-1,3,1,-1,2,-3
08:1.01,2,-3,3,-2,1,2
09:0.01,3,-1,-2,3,0,-1,-2
05:1.01,-2,3,1
09:1.01,0,-1,-3,-3,-2,-1,-2
09:1.01,1,-1,-3,0,3,1,1
10:1.01,-3,-1,-2,3,1,1,2,2
10:1.01,-3,3,2,2,-3,2,3,-3
07:1.01,-2,-2,-1,2,0
09:0.01,1,-3,1,2,0,-2,2
06:1.01,2,-2,-2,-2
07:1.01,-3,-1,3,1,2
09:0.01,2,-2,1,1,-2,-3,0
09:0.01,0,3,2,-3,0,1,-1
10:1.01,0,3,0,-3,0,0,-3,2
09:1.01,3,-2,-2,-1,1,-1,3
05:2.01,2,-2,-2
04:2.01,-3,-3
07:0.01,2,-2,2,3,1
09:0.01,-1,0,-2,1,3,-2,2
05:0.01,3,2,-1
07:0.01,1,0,2,3,3
06:1.01,-1,-3,3,1
09:0.01,-1,-2,0,1,-3,3,-2
06:2.01,0,-2,-3,0
08:0.01,-1,3,0,-2,2,3
07:3.01,-3,-3,-1,2,-3
09:3.01,-3,-3,2,1,1,2,0
19:0.01,0,1,0,-3,-1,1,-1,2,-1,3,0,-3,2,-2,0,3,-2
11:2.01,-3,2,0,-3,3,-3,3,1,-3
20:2.01,-2,-1,1,-3,1,1,0,-1,3,-2,1,-3,-2,1,1,3,0,-2
12:0.01,-2,3,-3,3,0,1,-3,3,-3,-3
12:0.01,2,-2,2,0,3,-2,0,-3,-1,0
09:2.01,1,1,-3,1,-3,-2,-2
18:2.01,-3,2,0,-1,-2,-3,2,-1,3,3,-3,0,-2,3,-1,1
11:1.01,1,-3,-2,-1,0,0,-1,3,1
03:1.01,-2
13:1.01,-1,1,1,-3,-3,-1,1,2,-1,2,2
09:1.01,1,1,0,-1,-2,-2,0
11:0.01,-2,1,-3,3,3,0,-2,-1,-2
13:2.01,1,-1,-1,2,2,0,-1,-3,-1,0,-3
15:0.01,0,-1,2,2,0,-3,0,-2,3,-1,-1,-1,3
07:1.01,-2,-3,2,1,2
07:1.01,3,-2,1,-3,1
07:3.01,-1,-3,-2,0,-1
13:2.01,2,-3,0,1,-3,3,-2,0,2,-2,0
20:1.01,2,0,3,2,-3,1,-2,1,2,0,-2,-2,2,2,2,1,3,-1
05:2.01,1,-2,1
20:0.01,2,0,0,1,0,2,-3,1,-2,-1,-3,2,-3,-1,2,-3,0,-1
18:3.01,-3,-3,3,-1,3,0,2,-3,-3,-3,-1,2,1,-2,2,0
07:3.01,-2,1,-3,1,1
04:1.01,-1,-3
19:0.01,-3,-2,-2,1,3,0,3,1,-2,-1,3,2,0,-2,-3,1,-1
16:1.01,0,0,-1,3,1,-2,0,-2,1,-1,-2,3,-1,-2
14:3.01,1,-2,0,-2,-1,1,-3,3,1,1,-1,-1
17:1.01,0,-3,3,-2,3,-2,1,-3,2,2,2,1,-1,1,3
09:3.01,-1,-3,2,0,-1,-2,-1
06:2.01,2,-3,-3,2
15:0.01,0,2,3,-3,-1,-2,0,3,-3,-3,0,3,0
15:3.01,-1,1,0,3,0,-2,-2,-3,-3,0,-1,3,1
16:3.01,-3,2,2,-1,-2,1,1,1,-2,-2,1,-1,2,3
06:2.01,-2,-1,1,0
11:1.01,1,-1,-3,-1,-2,2,-3,-1,3
09:0.01,0,1,-1,-2,2,-1,0
20:3.01,-1,-3,-1,-2,-3,3,0,0,-3,1,1,3,-1,2,2,-1,0,3
11:2.01,0,0,-3,1,-1,-2,-3,-2,0
14:2.01,-3,3,1,-3,1,-3,-2,2,2,-1,2,-1
08:2.01,-3,0,0,0,-3,3
13:0.01,-3,-3,1,0,1,2,1,0,-1,-2,2
17:0.01,-2,1,2,3,1,-2,2,-3,-3,-2,3,0,-3,3,3
20:2.01,-1,-3,3,-2,-1,0,-1,3,3,-3,1,-1,0,-1,1,2,-1,-2
10:1.01,2,-2,-2,3,-3,-1,3,3
14:2.01,-2,-3,0,-3,2,3,3,0,-1,2,2,3
19:0.01,-1,1,1,2,1,1,2,-2,-2,2,2,2,2,-1,2,-3,1
16:3.01,0,-1,-2,-3,-3,3,3,3,3,-2,-3,-3,3,-1
19:1.01,3,-3,0,0,0,0,2,2,-3,-1,-3,1,1,-1,0,-3,-1
14:2.01,1,-3,-3,2,-3,2,1,-1,2,3,1,3
13:2.01,3,0,0,0,-3,-3,-2,-3,-1,-1,0
20:3.01,0,-2,3,0,-2,3,1,0,-3,0,-1,-3,0,0,-2,-3,-3,-1
19:0.01,2,2,-2,0,-2,-2,2,3,2,0,-2,3,1,-3,-3,-2,2
13:0.01,2,2,-2,-1,-3,-3,0,-1,1,2,3
19:0.01,-3,1,-1,0,-1,-1,3,2,2,1,-1,1,-2,0,-3,1,1
18:0.01,2,1,3,-2,-1,-2,-2,-3,0,1,2,3,2,-1,1,-3
09:0.01,2,-2,0,-1,2,-2,0
08:0.01,-3,3,-2,-3,3,-2
04:3.01,1,0
18:2.01,-3,2,3,-1,-1,-3,-2,1,2,-3,-1,-1,3,2,2,0
18:1.01,1,0,-3,-1,-1,0,2,-1,-1,-1,-3,3,2,2,2,1
20:0.01,0,-1,-2,0,2,2,0,0,3,-1,0,-3,-2,1,-2,2,-1,-3
19:0.01,-2,-2,3,-1,2,-1,3,-3,0,0,-3,1,0,1,1,2,-3
03:2.01,3
10:1.01,2,1,-3,-2,-1,-3,0,-3
09:2.01,2,-3,1,-2,0,-3,-2
18:1.01,-3,-3,-2,1,3,3,0,1,0,-3,2,0,1,0,0,3
16:2.01,3,-3,-1,-1,0,0,2,-1,-1,3,-2,3,-3,-3
16:2.01,3,0,1,-3,2,-3,-2,-2,-3,-1,-3,3,-1,1
08:0.01,-3,3,1,2,-3,-1
07:2.01,0,-2,-1,-3,1
14:2.01,-3,-3,2,-2,3,0,-1,0,3,-1,1,2
11:1.01,-2,-3,2,0,1,3,3,-3,1
19:3.01,3,-2,0,3,-2,-3,-3,0,1,0,3,0,2,-1,1,-1,0
10:2.01,0,-1,0,-3,0,1,-1,3
11:1.01,-3,3,2,-3,3,-3,-3,0,2
05:3.01,-2,-2,-2
10:1.01,1,0,0,2,-3,-1,-2,-3
19:2.01,0,-1,1,1,-2,2,-2,-1,-1,-2,2,0,2,-2,2,0,-2
10:1.01,2,0,-1,3,-2,-3,-1,-1
11:3.01,1,-2,2,-1,0,-3,-3,1,1
17:0.01,-1,-3,1,-2,3,3,-3,3,-3,2,0,2,-2,-1,1
11:0.01,-1,0,1,0,-2,3,1,0,3
99:0.01,1,-2,2,3,0,0,2,0,-1,-3,2,2,-1,-1,-1,-2,0,3,0,2,0,1,-2,2,1,-3,0,0,0,1,-2,-2,0,2,3,0,0,-2,1,2,-3,2,-1,-2,1,-2,-1,-2,3,3,1,3,0,-1,-1,-3,1,-1,0,-2,-3,-3,0,-3,1,1,3,2,-3,0,1,3,-3,-3,2,1,-3,3,0,3,3,0,2,2,0,2,2,-2,0,-3,-1,1,0,-1,3,-2,2
85:1.01,0,1,-1,1,-3,-3,0,3,1,2,0,0,2,-1,-2,-1,3,2,2,1,2,1,3,2,-3,1,2,-2,-2,-3,2,-2,-3,-1,-1,1,0,-1,0,0,2,-2,-3,-2,1,-1,2,2,-1,-3,-3,2,0,1,2,0,1,2,2,-3,1,0,-2,2,-1,3,-2,-1,0,3,-1,1,-3,-2,-1,0,1,1,0,2,-1,-2,0
85:1.01,-1,3,0,1,-2,2,-1,-2,-1,-1,2,2,0,-3,2,-3,-3,0,0,3,-1,2,-2,-2,3,-3,3,-3,1,2,-3,0,2,0,3,0,2,2,-3,0,3,-2,3,3,2,0,-1,1,-2,1,2,3,-2,-3,-3,-2,2,1,1,-3,-2,-3,0,2,-2,-2,-2,-1,-2,3,2,0,2,3,2,-3,-1,0,1,2,0,-1,3
26:0.01,3,-3,0,-2,1,0,-3,3,1,0,0,2,2,-3,-2,2,1,0,0,3,-2,-3,-1,3
19:1.01,-3,3,1,0,-1,-3,-3,-3,3,0,1,3,2,3,-2,2,0
07:0.01,-1,-3,2,3,2
14:2.01,1,1,1,-1,-1,2,-1,2,-3,-3,-3,3
09:2.01,2,-2,-2,-2,-3,2,1
10:2.01,0,-3,0,3,0,-3,-3,-1
09:3.01,2,-3,-3,-2,3,2,2
20:3.01,1,-1,-3,-3,2,-2,0,2,2,2,-2,-3,-3,0,2,2,1,-3
15:3.01,-3,3,-2,-1,-2,0,0,-1,3,-2,3,-2,3
25:0.01,-1,-3,3,-1,0,-3,2,1,2,-3,-1,0,3,0,1,-1,3,-2,2,-2,3,0,1
34:0.01,0,-2,-1,3,0,1,2,2,2,0,3,-2,0,-3,1,-2,-2,2,-2,2,2,-2,1,-2,-1,3,-2,-2,-2,-2,1,-2
10:0.01,1,-2,-3,-3,2,-1,2,2
20:1.01,0,0,-1,3,-1,1,-2,2,-2,-2,-3,0,0,-1,3,0,-2,-3
14:0.01,0,-2,0,-3,2,1,0,0,1,1,3,-1
71:2.01,1,-1,1,-3,0,-3,-2,-2,2,1,-2,3,-2,3,-2,1,-2,3,0,0,0,-2,3,-2,-2,-1,-2,2,-1,-2,-2,3,-1,0,3,3,3,-3,0,3,2,2,0,-2,1,3,0,-3,-3,1,-2,-3,2,-2,-2,2,-3,-1,3,0,3,3,-3,0,0,-3,1,2,0
29:2.01,-2,3,-1,-1,0,-1,0,-2,1,-2,1,-3,2,3,0,2,-3,0,-3,0,3,1,2,3,-2,0,-1
96:3.01,-2,1,0,1,1,-2,1,2,2,-2,-1,1,2,-1,-1,3,-2,-2,3,-2,3,2,2,-2,-2,2,-3,2,2,2,2,-3,0,-2,-3,-1,2,-1,-3,-1,-2,-1,3,-1,1,1,0,-1,3,3,-3,-1,3,-3,0,-2,0,2,1,-2,-1,-3,2,0,3,-3,1,-1,-1,-2,0,2,-2,2,2,-1,0,-1,-2,-1,-2,-2,3,3,0,2,-1,2,-1,-1,-1,-1,-2,-1
44:2.01,0,-1,2,2,1,1,0,-3,-1,1,2,1,1,-1,-2,3,3,-3,2,-3,-2,-3,1,-2,-1,-3,0,-3,2,1,-3,-3,0,-1,2,2,3,-1,-3,0,3,-2
41:2.01,0,-1,-2,-2,-1,1,3,-1,2,1,-2,2,-2,-2,1,-2,-2,0,-2,3,1,2,-3,3,-2,2,3,1,-2,3,1,0,0,-1,0,2,-1,3,2
33:1.01,-2,2,1,-1,-2,0,2,-1,0,-1,0,3,1,-3,-3,-3,1,2,2,2,3,-1,-1,3,2,-3,2,-1,-1,-2,0
68:0.01,0,2,1,2,1,1,-2,-2,1,0,3,1,-1,-2,1,2,1,3,-2,2,3,0,2,-3,-2,-1,-3,-2,1,1,-2,-1,1,-3,2,1,-3,-3,-2,-1,-3,-2,1,-1,-2,1,1,3,3,0,1,-3,-3,-2,2,-1,1,1,-1,-2,-2,1,1,-1,-2,0
20:2.01,0,2,0,-1,-1,3,-1,-3,-2,0,-2,0,0,-2,3,0,-1,-1
12:3.01,1,3,-3,-2,-2,-3,1,-2,2,1
04:3.01,-4,0
11:2.01,-4,-1,4,-2,-3,-2,-2,3,-4
08:2.01,-3,-1,-2,2,2,-5
07:1.01,-4,3,-1,-2,-4
13:2.01,-3,4,1,-2,-1,-3,5,-2,-2,-3,1
05:3.01,5,-5,4
28:1.01,-4,2,0,1,1,5,3,-2,-3,-1,4,0,1,2,-1,-3,-2,-1,0,0,-4,-1,-4,-4,-5,3
20:3.01,-4,3,-4,2,-2,5,-2,-1,-3,-1,5,-4,-5,4,4,0,4,5
17:0.01,4,-4,-3,3,4,2,0,-4,1,1,-2,-2,-2,2,-2
25:1.01,1,-1,0,3,-3,-1,2,3,-2,-2,0,-4,-1,1,1,-3,4,-3,2,0,4,2,-2
07:0.01,3,-4,-1,4,-4
08:1.01,4,-4,-2,-2,1,4
03:3.01,-4
